auc,accuracy,recall
1.0,0.7153558052434457,1.0
1.0,0.6722846441947565,1.0
1.0,0.6910112359550562,1.0
1.0,0.6741573033707865,1.0
1.0,0.6779026217228464,1.0
0.9671052631578947,0.6966292134831461,1.0
1.0,0.6754221388367729,1.0
1.0,0.6529080675422139,1.0
1.0,0.724202626641651,1.0
1.0,0.649155722326454,1.0
1.0,0.6322701688555347,1.0
1.0,0.6679174484052532,1.0
1.0,0.6679174484052532,1.0
0.9999999999999999,0.6848030018761726,1.0
1.0,0.6622889305816135,1.0
1.0,0.724202626641651,1.0
1.0,0.6885553470919324,1.0
1.0,0.6904315196998124,1.0
1.0,0.6829268292682927,1.0
1.0,0.6810506566604128,1.0
